0.050150738
0.160166834
0.022008743
0.146200803
0.080736896
0.099120536
0.072031471
0.247926341
0.126335815
0.093386647
0.027824246
0.163054283
0.051240085
0.011519628
0.024622911
0.182704826
0.035102183
0.074294094
0.360362048
0.147559649
0.146930141
0.222127658
0.043457215
0.251363301
0.298236354
0.008998581
0.108834594
0.042908118
0.002022622
0.006517428
0.352792222
0.190327077
0.077600792
0.142815329
0.110178861
0.004007263
0.268582486
0.127637269
0.134145222
0.043703113
0.018149090
0.212089070
0.040098087
0.223841302
0.116049803
0.088828685
0.195670245
0.257662450
0.168614022
0.241880469
0.024312301
0.252733310
0.212915435
0.056555185
0.032997655
0.036738621
0.025632117
0.032328807
0.053871302
0.237304976
0.013476110
0.142909843
0.273342934
0.048319153
0.045991634
0.026430614
0.028025999
0.131732261
0.157731147
0.136677173
0.299781507
0.073723153
0.027451891
0.131921311
0.342360062
0.142601214
0.014491295
0.008146186
0.022897940
0.171300714
0.140887063
0.017174622
0.022856900
0.013406693
0.005557357
0.007507791
0.256484801
0.019890502
0.049707103
0.171310626
0.080404527
0.060253135
0.010496066
0.141590375
0.485728711
0.210057348
0.099131047
0.137754422
0.259530049
0.177807872
0.136184063
0.411021411
0.068767919
0.177202645
0.008012028
0.028507762
0.026024458
0.038106591
0.026322096
0.100259016
0.105306188
0.355664874
0.078989352
0.012022664
0.089781231
0.059950668
0.188180083
0.000323669
0.091250117
0.026643174
0.065961623
0.036377967
0.020157261
0.004172271
0.119067426
0.101511750
0.020410404
0.098660023
0.039805429
0.022591335
0.115441003
0.029741660
0.009172460
0.209869716
0.009842929
0.044879165
0.089946177
0.034077034
0.034021039
0.021041364
0.000358499
0.040268758
0.057358261
0.251244708
0.120089555
0.115768033
0.148843116
0.248019272
0.022758868
0.079416613
0.235316781
0.207130646
0.085849256
0.032008291
0.067805922
0.189009248
0.034397491
0.115257790
0.014972837
0.067810432
0.128826783
0.025098446
0.012926483
0.044697891
0.268670895
0.097311363
0.170445000
0.040792566
0.107537780
0.029962796
0.007531101
0.104187487
0.034005597
0.009557365
0.272562340
0.030851262
0.143455146
0.017111116
0.098260501
0.023299642
0.055547328
0.050151638
0.039454514
0.101791973
0.041285674
0.014626887
0.000542322
0.148893074
0.012179235
0.127656424
0.059621125
0.123069020
0.064225252
0.009862713
0.048271760
0.107037448
0.014122047
0.005490221
0.151808260
0.058440082
0.089071243
0.075480818
0.044928666
0.219573561
0.018611305
0.074601458
0.090682622
0.177082982
0.010406959
0.018590737
0.025552588
0.034365812
0.210601302
0.168690587
0.003700366
0.150623771
0.180852165
0.024975625
0.094788977
0.112271619
0.127104539
0.051280700
0.056917633
0.048735039
0.016809179
0.001468666
0.048153732
0.133715275
0.104884821
0.252062782
0.165960182
0.037389445
0.000602287
0.185732015
0.102915859
0.051200806
0.126892824
0.113262117
0.003344577
0.115747667
0.096484654
0.083893876
0.000572550
0.030322940
0.194880080
0.041756978
0.211204272
0.037575517
0.020612024
0.070009321
0.112594461
0.021209436
0.122440251
0.079274012
0.269539952
0.261150162
0.270935138
0.080423162
0.160766796
0.090262767
0.536018129
0.039236343
0.088954336
0.142430194
0.158430711
0.092729801
0.018266714
0.200311405
0.109187824
0.094670025
0.103733324
0.016057016
0.003351893
0.073012380
0.072370759
0.067297207
0.004971525
0.048557773
0.060170335
0.053286305
0.052216732
0.126441926
0.167636335
0.059193178
0.533184269
0.007716232
0.090951315
0.024818939
0.257063078
0.062148208
0.190103728
0.297418263
0.145677549
0.076947221
0.064922834
0.062767521
0.341967492
0.061256121
0.145434880
0.029784738
0.331057322
0.051479812
0.080844168
0.021199056
0.044645135
0.248318027
0.093278138
0.011628405
0.022189774
0.089818537
0.090718360
0.082296380
0.027789787
0.042135271
0.257298094
0.147266251
0.270713870
0.059417376
0.158587406
0.337207307
0.034656778
0.045575039
0.137688976
0.031881108
0.013047984
0.097602602
0.258414609
0.033168099
0.022687171
0.019387457
0.025819043
0.001396329
0.012782123
0.104567395
0.010631316
0.007316976
0.068603446
0.034697552
0.243486631
0.021159698
0.056535839
0.139991744
0.619966782
0.074138908
0.108409294
0.039692584
0.104047120
0.005147003
0.162622888
0.114545781
0.037533323
0.035372676
0.020956566
0.005492028
0.017111470
0.014637987
0.005980550
0.290958450
0.259319981
0.029701758
0.018492955
0.064694066
0.260460334
0.087287245
0.025519624
0.100398825
0.001679076
0.042701456
0.073946060
0.036696823
0.103601492
0.031337240
0.040480339
0.142382355
0.115066586
0.186512323
0.091819916
0.110250031
0.188387539
0.029602059
0.072233334
0.094523288
0.172221913
0.133463956
0.044619685
0.002415253
0.066797500
0.123190068
0.070807718
0.008148979
0.066096725
0.004436442
0.028084987
0.094479613
0.325879129
0.018163466
0.141585414
0.000700459
0.133355726
0.255840705
0.154948351
0.010700667
0.027354353
0.009986757
0.032464160
0.277601663
0.010167995
0.186609296
0.117916137
0.056986479
0.039153741
0.013923446
0.047481060
0.107844975
0.212597292
0.023681552
0.075265272
0.286860790
0.013020692
0.072347434
0.023770590
0.017454613
0.056873447
0.104921245
0.061980205
0.151526708
0.115415713
0.201889106
0.004833200
0.019496067
0.011599978
0.090681410
0.120510547
0.052191194
0.086198782
0.025067631
0.046872578
0.010257614
0.048991665
0.272084885
0.178059266
0.100841676
0.097991809
0.086467721
0.002991937
0.091555736
0.015541671
0.150242484
0.132920083
0.109873358
0.011157568
0.010784500
0.031514988
0.033930720
0.293748157
0.070707300
0.275434329
0.034899210
0.103428584
0.026507047
0.099252219
0.167662994
0.002886515
0.096124151
0.148913541
0.007985888
0.018961464
0.044595254
0.047595809
0.010612267
0.203592074
0.011000928
0.138517062
0.045696315
0.031771429
0.007067444
0.056598447
0.112346731
0.063797513
0.025413831
0.085972380
0.013476634
0.065422555
0.021379463
0.014316393
0.020404881
0.231033314
0.165347744
0.116323751
0.004576070
0.149191071
0.197518972
0.514920321
0.110234420
0.176344213
0.124446838
0.021504228
0.016807611
0.039134277
0.076038619
0.102267337
0.061631106
0.000586033
0.021273578
0.058716206
0.105868033
0.042974355
0.055584314
0.005178422
0.165734121
0.431576576
0.033446615
0.044511072
0.192267375
0.154265227
0.015121597
0.010913455
0.343250576
0.203324270
0.162254194
0.050365837
0.076001779
0.350796175
0.009269473
0.005453362
0.229780591
0.054325222
0.024827337
0.097495669
0.061894717
0.061606857
0.180504274
0.022593787
0.111645095
0.328477810
0.048533497
0.267153891
0.010897099
0.208428812
0.254344343
0.009393161
0.345443056
0.000473771
0.033853961
0.030365688
0.003717850
0.043156054
0.033568139
0.112471542
0.097832466
0.056717239
0.553190187
0.259587646
0.030737312
0.034398014
0.130822862
0.000697847
0.220283814
0.217458183
0.101942738
0.259532928
0.204062620
0.079346010
0.176388103
0.011981019
0.197173011
0.061850321
0.240253705
0.312608877
0.020787713
0.044654383
0.098853851
0.095578809
0.047610083
0.118446781
0.105000953
0.118316437
0.225716937
0.112491562
0.062435437
0.019438170
0.040648929
0.020089643
0.002488251
0.054070670
0.048659101
0.013887524
0.015659086
0.075619815
0.028367642
0.078032516
0.185862400
0.053986590
0.064788705
0.062258063
0.212632426
0.030981859
0.032573657
0.061298488
0.088318620
0.072329469
0.106062224
0.419834858
0.049374992
0.038927374
0.134774729
0.076295110
0.010494875
0.039119961
0.004434800
0.072923505
0.055738504
0.014948071
0.026470156
0.000791129
0.064064106
0.156503735
0.018301110
0.259710492
0.034450821
0.021513080
0.011895986
0.095683792
0.113370383
0.155242098
0.129772012
0.103745349
0.009445322
0.196213079
0.048062393
0.015291388
0.049437890
0.398746106
0.123311195
0.012126315
0.016833185
0.003216502
0.003566753
0.065175406
0.088478480
0.057046936
0.085125670
0.063145888
0.200154088
0.426487119
0.021684779
0.010660986
0.006236368
0.015348847
0.456032232
0.146586309
0.083069058
0.053026532
0.059479126
0.037467981
0.017144651
0.043011000
0.175802261
0.050075666
0.015709027
0.279628075
0.070849867
0.259452265
0.013086527
0.041120729
0.039170474
0.029661964
0.237565539
0.066872538
0.081790527
0.049575318
0.079265809
0.059217309
0.081689250
0.006984565
0.024933166
0.004488365
0.004762914
0.035150501
0.003751247
0.033042543
0.134628174
0.028669860
0.023102435
0.000221166
0.077009347
0.065609059
0.014334828
0.061501041
0.146449055
0.050304930
0.076196705
0.126506297
0.052495339
0.138207117
0.104319363
0.164066343
0.084020832
0.003490911
0.157171567
0.077562469
0.056144073
0.053397796
0.297022437
0.029424543
0.051069822
0.122756648
0.009368419
0.071937085
0.057789871
0.286613396
0.034560418
0.064257301
0.163291484
0.100853234
0.078720607
0.260766844
0.021758163
0.077145427
0.023968231
0.197875472
0.058481059
0.079014697
0.504022622
0.003052634
0.038720292
0.073198743
0.128148984
0.064215167
0.069611109
0.013235433
0.033395920
0.002108464
0.049477005
0.097737214
0.043246109
0.024392916
0.005573899
0.039466886
0.172508495
0.065429838
0.039944605
0.141117283
0.487325386
0.086441598
0.041410856
0.077695608
0.139810469
0.010807852
0.012736091
0.137292508
0.023775514
0.030727618
0.129379130
0.037623658
0.293391033
0.117280281
0.157501055
0.039720685
0.112895325
0.032736238
0.093950677
0.101801080
0.047873679
0.070388218
0.062974837
0.352991643
0.024215581
0.289492423
0.174809428
0.067030989
0.005341166
0.005005807
0.098242076
0.099520176
0.033287241
0.038261421
0.130527746
0.029360956
0.119647104
0.093995798
0.001181481
0.185721766
0.168898758
0.018350038
0.004798014
0.053425475
0.180211369
0.287995233
0.182853178
0.143915204
0.066114935
0.001491761
0.003812390
0.038858176
0.002943975
0.230421166
0.071618320
0.031138390
0.076066950
0.343790527
0.009575593
0.113429586
0.186099408
0.048940802
0.021868816
0.164155763
0.026224484
0.223320056
0.009471530
0.000323627
0.015798259
0.017451374
0.104256205
0.414784957
0.198717498
0.142541018
0.040621320
0.212524638
0.006204103
0.198156523
0.054040787
0.276071591
0.067255534
0.247992445
0.004538037
0.120178932
0.173089996
0.188402715
0.033852772
0.105102599
0.153384137
0.011018428
0.188356502
0.035160259
0.029106737
0.017995476
0.175478521
0.038300545
0.267385504
0.226932867
0.016714462
0.018138011
0.060778011
0.059261905
0.187164545
0.223232647
0.070837250
0.138051380
0.401626006
0.030600424
0.022762614
0.234903251
0.075449941
0.042661718
0.061096021
0.057296452
0.183175523
0.088646791
0.095694419
0.003867010
0.014220613
0.009704989
0.262701104
0.543081844
0.217182844
0.015571856
0.116329643
0.012810917
0.031672354
0.113341438
0.124283270
0.041510925
0.125965032
0.187478117
0.328707211
0.158107912
0.168846396
0.132918485
0.130113105
0.105724430
0.462176179
0.121542562
0.186773374
0.225388636
0.034416525
0.186842241
0.116249131
0.080726748
0.011989669
0.133075617
0.033558405
0.018731722
0.053906399
0.185265042
0.101350110
0.142001478
0.034609583
0.036374064
0.033598296
0.029447374
0.148287390
0.086553942
0.033697646
0.199399826
0.076278960
0.064376129
0.013873621
0.251321195
0.080214295
0.117354299
0.029832325
0.169230531
0.241604611
0.116659950
0.038679853
0.148123713
0.004537594
0.080765401
0.066343202
0.130747768
0.001767507
0.181567383
0.189506979
0.118191975
0.073071520
0.089162716
0.179013060
0.039581384
0.074813399
0.281138871
0.319653294
0.283550159
0.006650480
0.040630690
0.244593711
0.083890589
0.031139907
0.008114178
0.017596518
0.073104778
0.016876070
0.060910476
0.072262719
0.131728467
0.160183869
0.219641868
0.048538406
0.143141170
0.039381062
0.628817885
0.017235036
0.018602625
0.354209543
0.078343272
0.001911442
0.167231693
0.018677322
0.017742058
0.005274863
0.129524432
0.083638902
0.093503158
0.058892877
0.051107197
0.062246166
0.000951525
0.333116003
0.004875777
0.055670132
0.007009635
0.105702982
0.096773765
0.016044540
0.070881888
0.113116149
0.005073891
0.188989399
0.021733106
0.002568190
0.006676774
0.507900790
0.011701376
0.029205969
0.223790382
0.138137973
0.013469335
0.183821432
0.025381374
0.075227184
0.020918104
0.337793889
0.059804900
0.225498200
0.011516984
0.027567093
0.052629906
0.028426194
0.021410149
0.113213259

